1000 0.299
2000 0.519
3000 0.892
4000 0.856
5000 0.916
6000 1.094
7000 1.38
8000 1.584
9000 1.715
10000 1.976
11000 2.268
12000 2.472
13000 2.802
14000 2.817
15000 2.934
16000 3.302
17000 4.396
18000 4.508
19000 3.926
20000 5.296
21000 5.728
22000 4.604
23000 4.863
24000 4.904
25000 5.154
26000 6.072
27000 5.524
28000 5.912
29000 6.066
30000 6.264
31000 6.974
32000 6.686
33000 7.096
34000 7.333
35000 8.247
36000 7.496
37000 8.173
38000 7.999
39000 9.743
40000 9.628
41000 13.024
42000 14.007
43000 11.063
44000 9.931
45000 9.987
46000 10.601
47000 10.158
48000 10.734
49000 10.774
50000 10.955
51000 11.079
52000 11.356
53000 12.484
54000 12.014
55000 14.137
56000 12.922
57000 14.396
58000 18.636
59000 15.406
60000 14.244
61000 13.84
62000 15.672
63000 17.493
64000 14.494
65000 14.743
66000 20.511
67000 19.049
68000 18.824
69000 20.289
70000 17.706
71000 16.44
72000 17.612
73000 20.688
74000 23.033
75000 22.464
76000 21.948
77000 18.555
78000 24.63
79000 20.878
80000 23.97
81000 18.768
82000 19.804
83000 19.278
84000 21.117
85000 20.749
86000 23.25
87000 21.622
88000 22.497
89000 23.679
90000 23.172
91000 23.813
92000 21.767
93000 22.324
94000 29.374
95000 23.134
96000 21.214
97000 22.14
98000 23.168
99000 23.269
100000 22.5
