1000 0.117
2000 0.213
3000 0.326
4000 0.441
5000 0.623
6000 0.84
7000 1.013
8000 1.166
9000 1.268
10000 1.269
11000 1.3
12000 1.409
13000 1.522
14000 1.663
15000 1.826
16000 1.988
17000 2.1
18000 2.228
19000 2.364
20000 2.479
21000 2.619
22000 2.723
23000 2.864
24000 3.103
25000 3.142
26000 3.243
27000 3.382
28000 3.51
29000 3.71
30000 3.945
31000 4.017
32000 4.136
33000 4.182
34000 4.515
35000 4.425
36000 4.712
37000 5.397
38000 5.81
39000 6.195
40000 6.42
41000 6.28
42000 6.74
43000 5.726
44000 6.085
45000 7.362
46000 7
47000 6.621
48000 6.277
49000 6.434
50000 6.511
51000 7.248
52000 6.864
53000 7.074
54000 6.997
55000 7.746
56000 7.437
57000 7.604
58000 8.468
59000 7.98
60000 9.208
61000 8.014
62000 9.361
63000 8.625
64000 10.24
65000 10.682
66000 11.336
67000 10.109
68000 9.95
69000 9.473
70000 10.642
71000 15.821
72000 11.552
73000 10.357
74000 10.398
75000 10.339
76000 9.962
77000 10.308
78000 10.088
79000 10.716
80000 10.655
81000 11.947
82000 12.201
83000 11.378
84000 11.316
85000 11.576
86000 11.272
87000 11.44
88000 11.48
89000 11.893
90000 12.226
91000 12.065
92000 12.223
93000 12.869
94000 13.424
95000 12.886
96000 12.827
97000 12.766
98000 14.71
99000 18.112
100000 17.965
