1000 0.813
2000 1.222
3000 1.583
4000 2.335
5000 2.583
6000 3.144
7000 2.709
8000 3.888
9000 4.344
10000 4.23
11000 3.427
12000 3.607
13000 3.806
14000 4.136
15000 4.734
16000 4.68
17000 4.992
18000 6.298
19000 6.391
20000 7.042
21000 7.133
22000 8.994
23000 11.047
24000 7.334
25000 7.39
26000 8.128
27000 8.219
28000 8.833
29000 8.741
30000 8.899
31000 9.781
32000 9.735
33000 14.022
34000 13.16
35000 14.763
36000 17.723
37000 15.144
38000 13.872
39000 12.641
40000 11.996
41000 16.15
42000 15.076
43000 13.504
44000 14.434
45000 15.226
46000 17.267
47000 16.508
48000 20.417
49000 22.462
50000 20.484
51000 24.061
52000 20.782
53000 21.877
54000 23.937
55000 23.525
56000 20.778
57000 30.722
58000 31.753
59000 27.59
60000 26.055
61000 25.654
62000 28.715
63000 23.338
64000 28.743
65000 23.782
66000 24.395
67000 25.581
68000 27.272
69000 23.522
70000 23.446
71000 25.286
72000 30.959
73000 27.146
74000 36.063
75000 34.279
76000 34.493
77000 26.712
78000 35.268
79000 35.481
80000 32.669
81000 27.956
82000 29.621
83000 28.091
84000 29.165
85000 28.015
86000 28.075
87000 38.719
88000 29.013
89000 28.434
90000 32.939
91000 44.245
92000 41.164
93000 40.6
94000 38.928
95000 33.048
96000 118.108
97000 36.59
98000 36.838
99000 33.962
100000 33.957
