1000 0.053
2000 0.121
3000 0.188
4000 0.223
5000 0.288
6000 0.359
7000 0.416
8000 0.482
9000 0.539
10000 0.612
11000 0.68
12000 0.758
13000 0.825
14000 0.967
15000 0.96
16000 1.021
17000 1.103
18000 1.176
19000 1.219
20000 1.315
21000 1.408
22000 1.471
23000 1.56
24000 1.632
25000 1.726
26000 1.757
27000 1.834
28000 1.898
29000 1.996
30000 2.062
31000 2.113
32000 2.42
33000 2.244
34000 2.357
35000 2.404
36000 2.481
37000 2.583
38000 2.856
39000 2.724
40000 2.824
41000 2.884
42000 2.91
43000 3.252
44000 3.8
45000 3.204
46000 3.272
47000 3.34
48000 3.867
49000 3.594
50000 3.587
51000 3.63
52000 3.773
53000 3.829
54000 3.905
55000 3.988
56000 4.21
57000 4.182
58000 4.21
59000 4.31
60000 4.475
61000 4.48
62000 4.59
63000 4.675
64000 4.676
65000 4.801
66000 4.885
67000 4.974
68000 5.031
69000 5.134
70000 5.189
71000 5.22
72000 5.367
73000 5.482
74000 5.479
75000 5.915
76000 5.802
77000 5.724
78000 5.782
79000 6.085
80000 5.956
81000 6.196
82000 6.162
83000 6.432
84000 6.25
85000 6.408
86000 6.496
87000 6.618
88000 6.572
89000 6.779
90000 6.834
91000 6.832
92000 7.065
93000 7.078
94000 7.253
95000 7.189
96000 7.239
97000 7.351
98000 7.749
99000 7.519
100000 7.87
