1000 0.211
2000 0.382
3000 0.629
4000 1.254
5000 1.062
6000 1.404
7000 1.62
8000 1.848
9000 2.042
10000 2.555
11000 2.576
12000 3.096
13000 3.458
14000 3.551
15000 3.596
16000 4.163
17000 4.828
18000 4.553
19000 4.727
20000 5.521
21000 5.491
22000 5.539
23000 6.724
24000 7.289
25000 6.547
26000 6.947
27000 7.192
28000 7.167
29000 7.58
30000 8.228
31000 8.747
32000 9.721
33000 8.978
34000 9.843
35000 9.641
36000 10.308
37000 11.766
38000 10.676
39000 11.377
40000 11.459
41000 12.027
42000 12.262
43000 14.424
44000 12.878
45000 13.049
46000 12.709
47000 13.968
48000 13.478
49000 14.786
50000 14.365
51000 14.908
52000 15.017
53000 15.378
54000 15.706
55000 15.921
56000 16.604
57000 16.794
58000 17.624
59000 17.304
60000 19.136
61000 17.806
62000 17.528
63000 17.93
64000 19.451
65000 17.767
66000 19.312
67000 20.321
68000 20.287
69000 20.956
70000 20.428
71000 23.76
72000 21.457
73000 21.132
74000 20.617
75000 22.127
76000 23.424
77000 23.357
78000 24.164
79000 23.153
80000 24.433
81000 23.202
82000 24.356
83000 23.773
84000 23.482
85000 23.269
86000 24.275
87000 25.333
88000 25.342
89000 27.188
90000 28.174
91000 25.816
92000 25.662
93000 27.071
94000 26.747
95000 29.758
96000 27.36
97000 28.09
98000 27.998
99000 29.032
100000 28.799
