5000 0.756
10000 1.648
15000 2.363
20000 3.139
25000 3.984
30000 4.797
35000 6.119
40000 6.953
45000 7.463
50000 8.266
55000 10.105
60000 10.136
65000 10.851
70000 17.307
75000 14.517
80000 14.614
85000 16.342
90000 18.665
95000 17.593
100000 17.886
105000 18.371
110000 21.43
115000 22.84
120000 22.126
125000 24.237
130000 23.032
135000 24.671
140000 29.054
145000 26.598
150000 29.521
155000 30.045
160000 29.461
165000 33.784
170000 34.028
175000 32.757
180000 34.6
185000 37.176
190000 35.837
195000 36.495
200000 38.693
205000 41.208
210000 40.077
215000 41.499
220000 42.271
225000 44.079
230000 44.115
235000 44.553
240000 46.287
245000 47.035
250000 48.222
255000 49.044
260000 52.096
265000 53.29
270000 53.924
275000 54.922
280000 56.393
285000 58.599
290000 59.072
295000 57.485
300000 60.64
305000 63.259
310000 60.641
315000 61.827
320000 62.991
325000 66.002
330000 68.058
335000 68.772
340000 73.422
345000 69.335
350000 70.924
355000 70.864
360000 71.131
365000 72.878
370000 73.078
375000 75.993
380000 82.877
385000 77.059
390000 77.928
395000 80.511
400000 79.753
405000 82.982
410000 85.174
415000 85.746
420000 87.143
425000 90.232
430000 87.005
435000 89.177
440000 89.842
445000 91.13
450000 94.517
455000 92.337
460000 99.647
465000 101.538
470000 97.684
475000 96.907
480000 100.069
485000 101.033
490000 99.252
495000 104.953
500000 103.102
505000 115.766
510000 106.268
515000 107.161
520000 107.559
525000 109.181
530000 110.139
535000 114.079
540000 112.892
545000 113.41
550000 115.802
555000 122.998
560000 120.083
565000 113.723
570000 116.96
575000 120.133
580000 119.129
585000 121.927
590000 129.023
595000 128.539
600000 126.618
605000 126.641
610000 131.011
615000 135.069
620000 129.525
625000 131.432
630000 136.735
635000 137.141
640000 137.968
645000 136.417
650000 137.881
655000 134.655
660000 140.3
665000 145.004
670000 140.309
675000 140.525
680000 141.401
685000 142.789
690000 150.357
695000 149.46
700000 148.953
705000 147.915
710000 148.896
715000 154.358
720000 149.597
725000 154.099
730000 154.329
735000 152.353
740000 157.651
745000 160.1
750000 162.807
755000 161.4
760000 158.979
765000 161.103
770000 167.752
775000 160.979
780000 162.789
785000 167.406
790000 180.023
795000 171.612
800000 178.9
805000 171.563
810000 187.097
815000 175.545
820000 179.177
825000 182.484
830000 185.096
835000 185.538
840000 181.594
845000 182.558
850000 181.205
855000 186.011
860000 187.392
865000 179.445
870000 188.165
875000 190.014
880000 187.168
885000 197.709
890000 188.897
895000 186.68
900000 190.021
905000 199.224
910000 192.541
915000 195.422
920000 201.371
925000 201.293
930000 199.482
935000 201.566
940000 197.825
945000 201.23
950000 204.506
955000 212.652
960000 209.961
965000 204.224
970000 210.77
975000 211.965
980000 216.946
985000 209.125
990000 219.361
995000 219.285
1000000 210.425
