5000 0.344
10000 0.704
15000 1.079
20000 1.459
25000 1.843
30000 2.286
35000 2.651
40000 3.081
45000 3.72
50000 4.119
55000 4.384
60000 4.839
65000 5.29
70000 5.652
75000 6.062
80000 6.644
85000 6.928
90000 8.945
95000 8.48
100000 9.139
105000 8.86
110000 9.043
115000 10.105
120000 10.138
125000 10.424
130000 11.225
135000 12.037
140000 12.416
145000 12.672
150000 13.288
155000 13.167
160000 14.142
165000 14.163
170000 14.735
175000 15.649
180000 16.197
185000 17.807
190000 16.211
195000 16.845
200000 17.225
205000 17.943
210000 18.096
215000 19.09
220000 21.855
225000 19.885
230000 21.571
235000 22.517
240000 21.454
245000 21.859
250000 23.267
255000 23.236
260000 22.987
265000 26.985
270000 25.376
275000 25.41
280000 26.01
285000 28.139
290000 28.128
295000 26.278
300000 28.396
305000 28.928
310000 29.173
315000 28.653
320000 30.07
325000 31.854
330000 29.203
335000 34.254
340000 30.987
345000 32.385
350000 31.568
355000 33.074
360000 32.58
365000 33.53
370000 34.477
375000 34.247
380000 35.086
385000 36.095
390000 38.052
395000 38.95
400000 41.758
405000 38.498
410000 37.637
415000 38.888
420000 37.807
425000 42.081
430000 41.259
435000 40.704
440000 43.304
445000 41.114
450000 41.498
455000 44.097
460000 43.919
465000 45.197
470000 45.623
475000 45.255
480000 47.648
485000 47.577
490000 48.615
495000 46.915
500000 47.653
505000 51.564
510000 47.76
515000 48.543
520000 48.53
525000 49.89
530000 49.612
535000 49.173
540000 50.659
545000 56.12
550000 54.991
555000 57.671
560000 55.633
565000 53.179
570000 53.187
575000 55.641
580000 57.106
585000 59.961
590000 57.054
595000 58.319
600000 58.848
605000 59.95
610000 58.195
615000 58.233
620000 60.615
625000 61.01
630000 62.108
635000 62.151
640000 62.647
645000 63.828
650000 61.736
655000 64.999
660000 66.368
665000 64.738
670000 65.09
675000 68.679
680000 68.013
685000 65.431
690000 68.071
695000 70.831
700000 71.055
705000 69.397
710000 75.562
715000 77.556
720000 71.482
725000 73.429
730000 71.015
735000 72.467
740000 72.348
745000 75.108
750000 73.594
755000 76.925
760000 75.617
765000 77.735
770000 75.727
775000 76.721
780000 77.015
785000 77.236
790000 85.531
795000 76.911
800000 78.855
805000 78.036
810000 78.235
815000 83.605
820000 86.068
825000 83.578
830000 85.143
835000 84.688
840000 83.363
845000 83.566
850000 86.005
855000 83.868
860000 86.247
865000 81.877
870000 83.671
875000 88.922
880000 86.117
885000 86.459
890000 90.061
895000 87.823
900000 94.775
905000 90.125
910000 87.31
915000 92.081
920000 89.571
925000 94.059
930000 91.52
935000 97.642
940000 94.091
945000 91.76
950000 93.542
955000 94.932
960000 99.294
965000 96.215
970000 94.474
975000 97.782
980000 98.343
985000 101.659
990000 96.981
995000 97.888
1000000 100.03
