100 0.017
200 0.063
300 0.141
400 0.259
500 0.403
600 0.569
700 0.763
800 0.998
900 1.287
1000 1.597
1100 1.968
1200 3.107
1300 2.913
1400 3.19
1500 3.585
1600 4.106
1700 4.589
1800 5.151
1900 5.716
2000 6.384
2100 6.999
2200 7.627
2300 8.324
2400 9.333
2500 9.836
2600 10.609
2700 11.503
2800 12.437
2900 13.236
3000 14.443
3100 15.769
3200 16.101
3300 17.131
3400 18.485
3500 19.309
3600 20.465
3700 22.026
3800 22.79
3900 24.33
4000 25.539
4100 26.65
4200 27.622
4300 30.092
4400 30.633
4500 32.737
4600 33.868
4700 35.907
4800 39.7
4900 38.124
5000 42.154
5100 41.912
5200 43.277
5300 46.004
5400 46.76
5500 47.962
5600 51.209
5700 51.386
5800 53.464
5900 57.511
6000 57.945
6100 59.524
6200 61.415
6300 63.918
6400 66.808
6500 68.084
6600 69.969
6700 73.459
6800 76.159
6900 77.847
7000 80.103
7100 81.835
7200 83.106
7300 85.916
7400 87.546
7500 90.727
7600 93.212
7700 96.156
7800 98.977
7900 102.269
8000 103.238
8100 104.825
8200 110.655
8300 110.729
8400 114.432
8500 116.371
8600 120.196
8700 123.127
8800 126.744
8900 129.682
9000 133.312
9100 134.129
9200 137.09
9300 139.091
9400 141.526
9500 145.894
9600 149.436
9700 155.08
9800 156.691
9900 160.478
10000 165.079
10100 165.757
10200 171.355
10300 173.091
10400 181.681
10500 177.52
10600 189.112
10700 189.846
10800 191.222
10900 196.666
11000 196.179
11100 200.413
11200 205.845
11300 209.759
11400 215.103
11500 216.195
11600 218.517
11700 222.774
11800 227.494
11900 231.665
12000 233.832
12100 237.716
12200 244.035
12300 247.723
12400 247.182
12500 259.528
12600 260.621
12700 263.243
12800 269.523
12900 276.684
13000 277.253
13100 278.962
13200 285.531
13300 290.944
13400 294.85
13500 298.16
13600 306.915
13700 308.195
13800 310.834
13900 314.744
14000 319.618
14100 324.414
14200 328.025
14300 330.597
14400 334.932
14500 344.738
14600 349.189
14700 350.935
14800 359.024
14900 362.955
15000 368.289
15100 372.522
15200 377.592
15300 380.193
15400 385.077
15500 392.154
15600 395.859
15700 399.696
15800 405.999
15900 415.606
16000 414.038
16100 427.163
16200 427.416
16300 433.734
16400 444.584
16500 451.142
16600 455.846
16700 464.566
16800 464.596
16900 465.736
17000 481.1
17100 483.662
17200 485.824
17300 488.79
17400 497.208
17500 500.028
17600 509.59
17700 512.935
17800 523.61
17900 523.943
18000 533.802
18100 539.614
18200 544.521
18300 547.049
18400 558.631
18500 559.759
18600 562.049
18700 568.382
18800 576.666
18900 585.417
19000 588.581
19100 597.58
19200 597.687
19300 614.046
19400 619.472
19500 614.182
19600 622.078
19700 632.725
19800 633.01
19900 641.231
20000 648.1
