20 0.001
40 0.001
60 0.002
80 0.003
100 0.005
120 0.006
140 0.009
160 0.011
180 0.014
200 0.017
220 0.021
240 0.025
260 0.029
280 0.034
300 0.039
320 0.046
340 0.053
360 0.064
380 0.066
400 0.073
420 0.081
440 0.089
460 0.097
480 0.106
500 0.117
520 0.126
540 0.137
560 0.148
580 0.157
600 0.165
620 0.177
640 0.188
660 0.217
680 0.214
700 0.225
720 0.238
740 0.254
760 0.266
780 0.279
800 0.293
820 0.309
840 0.319
860 0.334
880 0.35
900 0.367
920 0.382
940 0.396
960 0.41
980 0.426
1000 0.444
1020 0.567
1040 0.482
1060 0.5
1080 0.515
1100 0.537
1120 0.55
1140 0.568
1160 0.584
1180 0.601
1200 0.625
1220 0.649
1240 0.673
1260 0.696
1280 0.718
1300 0.737
1320 0.785
1340 0.783
1360 0.798
1380 0.819
1400 0.841
1420 0.87
1440 0.901
1460 0.915
1480 0.961
1500 0.967
1520 0.995
1540 1.021
1560 1.045
1580 1.069
1600 1.095
1620 1.113
1640 1.135
1660 1.17
1680 1.192
1700 1.219
1720 1.247
1740 1.275
1760 1.278
1780 1.34
1800 1.368
1820 1.39
1840 1.422
1860 1.465
1880 1.486
1900 1.517
1920 1.555
1940 1.585
1960 1.624
1980 1.66
2000 1.697
