10000 2.406
20000 4.878
30000 7.268
40000 9.871
50000 12.432
60000 14.842
70000 17.419
80000 20.143
90000 22.722
100000 25.395
110000 27.836
120000 30.386
130000 33.205
140000 36.185
150000 38.334
160000 41.053
170000 43.982
180000 46.55
190000 49.24
200000 51.796
210000 54.538
220000 56.795
230000 62.096
240000 61.855
250000 64.446
260000 80.629
270000 84.91
280000 78.326
290000 76.418
300000 79.074
310000 82.067
320000 84.585
330000 92.827
340000 107.668
350000 108.735
360000 114.768
370000 119.006
380000 121.494
390000 124.612
400000 121.391
410000 110.3
420000 114.118
430000 116.911
440000 119.967
450000 122.131
460000 124.926
470000 127.983
480000 131.684
490000 148.083
500000 157.17
510000 139.958
520000 148.187
530000 144.439
540000 147.849
550000 150.698
560000 153.626
570000 158.055
580000 162.474
590000 163.531
600000 167.912
610000 171.257
620000 172.746
630000 175.562
640000 178.982
650000 181.76
660000 201.599
670000 207.629
680000 210.832
690000 195.646
700000 216.507
710000 234.388
720000 238.028
730000 225.826
740000 219.428
750000 229.758
760000 213.941
770000 223.493
780000 230.617
790000 263.326
800000 265.781
810000 265.779
820000 230.479
830000 232.976
840000 235.579
850000 238.046
860000 242.545
870000 284.559
880000 286.348
890000 281.56
900000 296.989
910000 300.48
920000 285.039
930000 268.97
940000 276.62
950000 283.354
960000 270.437
970000 294.646
980000 314.482
990000 306.232
1000000 280.567
