10000 0.563
20000 1.204
30000 1.866
40000 2.584
50000 3.271
60000 3.94
70000 4.65
80000 5.468
90000 6.168
100000 6.931
110000 7.735
120000 8.315
130000 10.083
140000 9.989
150000 10.63
160000 11.508
170000 12.269
180000 13.081
190000 14.49
200000 14.549
210000 15.127
220000 16.234
230000 17.018
240000 17.818
250000 18.479
260000 20.639
270000 20.336
280000 21.163
290000 21.859
300000 22.382
310000 23.353
320000 24.083
330000 25.1
340000 25.678
350000 26.237
360000 27.282
370000 28.303
380000 29.392
390000 30.208
400000 31.119
410000 31.906
420000 32.236
430000 32.993
440000 34.644
450000 35.03
460000 35.631
470000 36.216
480000 37.404
490000 38.995
500000 38.894
510000 40.608
520000 40.519
530000 41.507
540000 42.897
550000 43.126
560000 44.385
570000 44.865
580000 45.889
590000 47.146
600000 48.594
610000 48.056
620000 49.659
630000 49.819
640000 51.479
650000 51.918
660000 52.301
670000 53.052
680000 54.33
690000 55.294
700000 55.705
710000 57.043
720000 57.773
730000 59.014
740000 59.28
750000 60.18
760000 61.534
770000 61.622
780000 63.165
790000 63.94
800000 64.918
810000 64.962
820000 66.402
830000 67.5
840000 68.463
850000 68.973
860000 69.905
870000 70.749
880000 71.636
890000 72.84
900000 72.244
910000 73.68
920000 74.48
930000 76.301
940000 77.103
950000 77.424
960000 78.273
970000 80.07
980000 80.607
990000 81.769
1000000 88.008
