5000 0.708
10000 1.428
15000 2.084
20000 3.676
25000 7.373
30000 5.516
35000 5.868
40000 6.666
45000 7.521
50000 9.113
55000 11.689
60000 9.311
65000 11.163
70000 13.609
75000 13.513
80000 14.927
85000 16.329
90000 20.149
95000 15.409
100000 19.533
105000 19.95
110000 18.268
115000 18.591
120000 19.842
125000 22.346
130000 23.988
135000 29.687
140000 26.315
145000 28.328
150000 30.798
155000 30.98
160000 32.934
165000 30.444
170000 32.534
175000 34.32
180000 35.964
185000 33.944
190000 35.72
195000 41.368
200000 39.543
205000 38.632
210000 41.869
215000 42.08
220000 43.394
225000 43.574
230000 44.15
235000 44.885
240000 44.991
245000 48.014
250000 49.84
255000 52.185
260000 52.24
265000 60.686
270000 64.332
275000 62.303
280000 61.729
285000 64.426
290000 66.565
295000 63.736
300000 65.161
305000 66.038
310000 71.185
315000 73.161
320000 70.514
325000 75.257
330000 74.23
335000 71.859
340000 75.666
345000 80.041
350000 74.362
355000 80.824
360000 77.784
365000 81.725
370000 82.445
375000 85.018
380000 83.121
385000 85.621
390000 82.226
395000 86.945
400000 90
405000 85.198
410000 91.004
415000 87.908
420000 94.877
425000 95.215
430000 103.926
435000 96.269
440000 94.71
445000 96.184
450000 94.488
455000 97.549
460000 99.557
465000 100.064
470000 97.407
475000 105.182
480000 109.171
485000 105.153
490000 114.679
495000 115.339
500000 116.85
505000 110.881
510000 118.763
515000 114.763
520000 122.741
525000 125.246
530000 127.665
535000 130.689
540000 129.549
545000 132.367
550000 133.506
555000 135.151
560000 128.045
565000 131.917
570000 136.863
575000 138.88
580000 143.173
585000 142.93
590000 142.68
595000 144.552
600000 142.912
605000 147.855
610000 143.474
615000 143.671
620000 151.24
625000 152.54
630000 161.214
635000 154.343
640000 149.171
645000 149.687
650000 154.976
655000 155.788
660000 163.744
665000 164.52
670000 171.817
675000 159.316
680000 260.366
685000 169.516
690000 175.339
695000 198.009
700000 213.232
705000 209.789
710000 197.894
715000 189.896
720000 185.727
725000 191.962
730000 189.317
735000 187.999
740000 190.207
745000 193.848
750000 190.306
755000 190.931
760000 189.88
765000 187.637
770000 191.679
775000 192.452
780000 195.603
785000 194.8
790000 203.223
795000 195.05
800000 200.389
805000 206.631
810000 221.132
815000 216.559
820000 219.31
825000 214.025
830000 216.072
835000 213.681
840000 220.944
845000 218.423
850000 222.165
855000 233.854
860000 222.362
865000 219.197
870000 213.838
875000 213.539
880000 227.202
885000 230.443
890000 228.771
895000 225.977
900000 228.115
905000 236.821
910000 236.653
915000 237.923
920000 235.748
925000 235.778
930000 235.934
935000 245.711
940000 244.204
945000 247.926
950000 249.04
955000 259.956
960000 263.021
965000 260.701
970000 253.703
975000 251.052
980000 254.213
985000 255.386
990000 255.606
995000 253.736
1000000 269.872
