10000 1.117
20000 2.274
30000 3.585
40000 4.667
50000 5.82
60000 7.174
70000 8.447
80000 9.99
90000 11.037
100000 12.254
110000 13.691
120000 14.765
130000 16.125
140000 18.597
150000 19.666
160000 20.228
170000 21.491
180000 22.792
190000 23.991
200000 25.656
210000 26.883
220000 28.376
230000 29.93
240000 31.926
250000 31.978
260000 33.274
270000 35.759
280000 37.168
290000 38.23
300000 39.463
310000 40.496
320000 42.161
330000 44.354
340000 44.755
350000 46.083
360000 47.684
370000 48.849
380000 49.887
390000 51.128
400000 53.405
410000 54.396
420000 55.585
430000 57.35
440000 58.232
450000 59.532
460000 61.766
470000 62.771
480000 64.201
490000 65.373
500000 67.114
510000 68.127
520000 69.514
530000 72.343
540000 72.974
550000 74.453
560000 75.288
570000 79.005
580000 77.876
590000 85.63
600000 93.015
610000 92.995
620000 94.17
630000 96.994
640000 97.261
650000 98.693
660000 101.687
670000 102.761
680000 95.805
690000 99.141
700000 106.647
710000 108.302
720000 110.491
730000 111.165
740000 113.09
750000 103.702
760000 116.695
770000 118.131
780000 118.954
790000 121.569
800000 109.669
810000 109.744
820000 112.225
830000 120.573
840000 114.651
850000 115.802
860000 116.862
870000 119.785
880000 120.151
890000 130.655
900000 130.214
910000 138.756
920000 142.116
930000 139.666
940000 130.787
950000 130.662
960000 134.21
970000 132.526
980000 133.577
990000 135.574
1000000 136.668
