10000 0.432
20000 0.87
30000 1.392
40000 1.983
50000 2.353
60000 2.816
70000 3.06
80000 4.059
90000 4.837
100000 5.092
110000 5.931
120000 5.983
130000 6.685
140000 7.884
150000 8.009
160000 8.029
170000 9.372
180000 8.978
190000 10.491
200000 10.583
210000 11.639
220000 11.593
230000 12.417
240000 13.482
250000 13.853
260000 14.197
270000 14.943
280000 15.189
290000 15.906
300000 16.536
310000 17.932
320000 18.646
330000 19.485
340000 19.57
350000 20.063
360000 21.006
370000 21.279
380000 24.425
390000 23.259
400000 24.822
410000 23.781
420000 25.088
430000 25.572
440000 25.491
450000 26.086
460000 28.974
470000 27.999
480000 28.212
490000 29.326
500000 29.704
510000 30.343
520000 30.941
530000 31.357
540000 33.758
550000 34.812
560000 34.785
570000 36.054
580000 37.045
590000 37.381
600000 39.034
610000 39.568
620000 40.275
630000 41.472
640000 42.383
650000 44.506
660000 44.277
670000 45.804
680000 44.63
690000 46.028
700000 47.186
710000 48.929
720000 50.275
730000 49.507
740000 51.679
750000 50.707
760000 52.021
770000 54.23
780000 54.093
790000 55.198
800000 55.162
810000 55.957
820000 56.28
830000 58.632
840000 57.398
850000 59.338
860000 60.191
870000 59.758
880000 61.979
890000 62.102
900000 62.825
910000 62.995
920000 63.156
930000 64.168
940000 65.041
950000 65.776
960000 65.843
970000 66.473
980000 66.255
990000 65.982
1000000 37.145
