10000 1.973
20000 3.933
30000 5.873
40000 7.872
50000 9.885
60000 11.723
70000 13.682
80000 16.131
90000 18.087
100000 19.939
110000 21.79
120000 23.774
130000 26.075
140000 28.614
150000 29.911
160000 32.032
170000 34.732
180000 36.136
190000 38.335
200000 40.187
210000 42.422
220000 43.993
230000 46.106
240000 47.779
250000 50.246
260000 52.529
270000 54.885
280000 56.763
290000 59.058
300000 61.452
310000 63.302
320000 72.779
330000 79.396
340000 69.731
350000 73.17
360000 75.196
370000 77.205
380000 79.373
390000 81.199
400000 83.206
410000 85.163
420000 89.157
430000 92.204
440000 92.411
450000 94.495
460000 96.931
470000 102.424
480000 101.108
490000 102.784
500000 105.154
510000 107.427
520000 109.474
530000 112.131
540000 114.142
550000 116.647
560000 136.667
570000 142.105
580000 153.141
590000 155.009
600000 154.253
610000 161.389
620000 165.631
630000 153.255
640000 160.659
650000 173.127
660000 176.278
670000 178.191
680000 180.459
690000 162.751
700000 151.581
710000 153.028
720000 155.309
730000 159.583
740000 159.682
750000 162.204
760000 163.702
770000 166.418
780000 168.768
790000 170.946
800000 173.114
810000 175.653
820000 177.002
830000 179.274
840000 190.677
850000 224.709
860000 217.358
870000 204.491
880000 189.817
890000 195.11
900000 193.171
910000 195.526
920000 197.59
930000 199.864
940000 202.495
950000 217.392
960000 218.391
970000 223.969
980000 258.811
990000 248.878
1000000 250.069
