5000 0.164
10000 0.324
15000 0.526
20000 0.732
25000 0.894
30000 1.149
35000 1.917
40000 1.691
45000 1.763
50000 1.967
55000 2.368
60000 2.409
65000 2.843
70000 2.875
75000 2.974
80000 3.443
85000 3.737
90000 3.835
95000 4.339
100000 4.778
105000 5.187
110000 4.822
115000 4.966
120000 5.459
125000 5.367
130000 6.019
135000 6.04
140000 6.534
145000 7.454
150000 6.911
155000 6.996
160000 7.528
165000 8.302
170000 7.725
175000 7.868
180000 10.437
185000 8.354
190000 8.917
195000 9.438
200000 9.611
205000 9.879
210000 9.698
215000 10.002
220000 10.707
225000 12.006
230000 11.065
235000 11.735
240000 11.163
245000 11.44
250000 12.529
255000 12.649
260000 13.39
265000 12.96
270000 14.968
275000 13.386
280000 14.513
285000 14.736
290000 14.897
295000 15.2
300000 14.782
305000 14.993
310000 15.548
315000 16.283
320000 15.981
325000 17.005
330000 15.734
335000 18.282
340000 17.263
345000 17.107
350000 21.22
355000 18.686
360000 18.179
365000 19.275
370000 19.224
375000 17.965
380000 21.026
385000 22.563
390000 19.231
395000 20.239
400000 21.14
405000 20.003
410000 23.714
415000 21.261
420000 21.597
425000 22.019
430000 22.867
435000 21
440000 24.155
445000 22.432
450000 25.194
455000 24.385
460000 25.656
465000 23.364
470000 25.29
475000 24.639
480000 24.636
485000 25.022
490000 27.396
495000 25.882
500000 26.731
505000 26.386
510000 28.518
515000 25.858
520000 25.098
525000 26.977
530000 25.431
535000 27.669
540000 26.175
545000 26.888
550000 29.524
555000 28.982
560000 26.859
565000 31.17
570000 29.967
575000 29.191
580000 28.566
585000 29.815
590000 29.428
595000 29.401
600000 29.865
605000 31.191
610000 31.038
615000 30.455
620000 34.62
625000 31.845
630000 32.399
635000 31.621
640000 31.526
645000 33.201
650000 32.615
655000 36.634
660000 32.639
665000 33.855
670000 34.248
675000 33.665
680000 36.29
685000 35.817
690000 34.914
695000 35.746
700000 35.903
705000 37.275
710000 37.621
715000 37.042
720000 36.798
725000 36.796
730000 36.882
735000 36.454
740000 41.06
745000 38.084
750000 37.612
755000 39.186
760000 39.102
765000 42.215
770000 43.796
775000 39.869
780000 40.585
785000 40.212
790000 41.374
795000 41.004
800000 41.858
805000 41.92
810000 42.416
815000 42.891
820000 41.564
825000 43.276
830000 43.368
835000 43.825
840000 43.873
845000 42.948
850000 46.098
855000 43.791
860000 46.522
865000 46.504
870000 43.275
875000 49.548
880000 45.154
885000 46.588
890000 47.633
895000 48.161
900000 47.277
905000 49.658
910000 50.722
915000 46.148
920000 48.783
925000 47.69
930000 49.116
935000 51.289
940000 47.44
945000 46.821
950000 47.235
955000 49.989
960000 50.877
965000 48.651
970000 47.418
975000 49.063
980000 48.114
985000 46.037
990000 48.217
995000 44.273
1000000 27.419
