5000 0.398
10000 0.756
15000 1.009
20000 1.643
25000 2.91
30000 2.846
35000 4.536
40000 3.582
45000 3.7
50000 3.91
55000 4.105
60000 4.408
65000 4.975
70000 7.351
75000 6.554
80000 7.005
85000 7.118
90000 9.109
95000 8.324
100000 8.567
105000 8.551
110000 8.839
115000 8.711
120000 8.928
125000 12.017
130000 10.682
135000 13.648
140000 14.428
145000 15.761
150000 17.737
155000 17.581
160000 16.461
165000 15.484
170000 20.142
175000 17.803
180000 18.236
185000 20.736
190000 19.505
195000 19.436
200000 23.348
205000 19.585
210000 20.942
215000 20.221
220000 21.73
225000 22.322
230000 22.822
235000 27.076
240000 22.871
245000 26.017
250000 25.105
255000 23.094
260000 26.815
265000 42.622
270000 38.664
275000 40.735
280000 36.283
285000 36.331
290000 36.272
295000 35.788
300000 37.567
305000 40.43
310000 38.212
315000 43.055
320000 39.49
325000 42.479
330000 38.773
335000 38.907
340000 40.585
345000 42.992
350000 41.244
355000 45.565
360000 44.022
365000 49.024
370000 43.972
375000 46.551
380000 47.974
385000 48.415
390000 43.487
395000 53.405
400000 53.37
405000 52.322
410000 53.77
415000 46.566
420000 51.255
425000 52.823
430000 57.454
435000 49.449
440000 51.471
445000 56.633
450000 48.798
455000 54.66
460000 53.504
465000 57.01
470000 55.229
475000 51.861
480000 56.355
485000 57.039
490000 62.398
495000 66.434
500000 64.001
505000 62.721
510000 67.987
515000 66.065
520000 68.289
525000 75.758
530000 81.011
535000 75.28
540000 82.877
545000 79.547
550000 84.725
555000 96.337
560000 80.162
565000 80.814
570000 81.607
575000 87.484
580000 80.474
585000 85.299
590000 88.269
595000 81.356
600000 86.728
605000 86.741
610000 89.62
615000 89.714
620000 90.043
625000 94.468
630000 92.731
635000 90.577
640000 89.488
645000 87.504
650000 82.842
655000 85.343
660000 94.462
665000 94.742
670000 106.334
675000 98.18
680000 96.555
685000 90.566
690000 105.492
695000 99.348
700000 100.019
705000 108.096
710000 109.271
715000 114.551
720000 113.056
725000 107.81
730000 103.059
735000 105.657
740000 103.561
745000 103.951
750000 112.316
755000 106.881
760000 112.785
765000 110.73
770000 112.494
775000 115.453
780000 111.228
785000 119.81
790000 120.622
795000 114.214
800000 123.899
805000 123.789
810000 126.46
815000 123.549
820000 127.482
825000 123.631
830000 126.066
835000 126.559
840000 129.324
845000 138.234
850000 128.897
855000 129.886
860000 124.71
865000 132.406
870000 135.502
875000 126.071
880000 133.818
885000 137.89
890000 138.749
895000 128.815
900000 138.152
905000 136.841
910000 140.854
915000 151.905
920000 143.344
925000 147.575
930000 137.665
935000 147.659
940000 139.465
945000 150.948
950000 160.102
955000 158.651
960000 159.139
965000 157.624
970000 152.125
975000 159.602
980000 162.805
985000 154.442
990000 157.589
995000 152.37
1000000 162.214
