5000 0.496
10000 0.976
15000 1.461
20000 1.981
25000 2.582
30000 2.945
35000 5.599
40000 4.661
45000 5.312
50000 5.655
55000 6.144
60000 7.89
65000 8.231
70000 7.312
75000 9.153
80000 9.429
85000 10.711
90000 9.744
95000 10.887
100000 12.323
105000 11.43
110000 12.866
115000 13.02
120000 20.308
125000 13.642
130000 14.578
135000 14.92
140000 15.954
145000 17.813
150000 16.594
155000 20.277
160000 19.843
165000 20.115
170000 20.528
175000 21.808
180000 19.874
185000 21.923
190000 22.853
195000 22.35
200000 22.638
205000 23.888
210000 26.721
215000 24.83
220000 26.034
225000 28.015
230000 27.288
235000 28.674
240000 29.41
245000 30.174
250000 28.574
255000 29.988
260000 31.357
265000 38.251
270000 40.055
275000 37.882
280000 33.458
285000 35.619
290000 37.123
295000 35.271
300000 35.294
305000 37.926
310000 40.693
315000 45.513
320000 43.94
325000 38.753
330000 39.661
335000 42.955
340000 41.935
345000 47.082
350000 43.714
355000 42.932
360000 48.285
365000 44.301
370000 47.853
375000 52.46
380000 44.72
385000 52.126
390000 52.522
395000 49.162
400000 50.736
405000 56.665
410000 52.539
415000 49.602
420000 51.963
425000 51.287
430000 54.255
435000 55.139
440000 55.294
445000 58.917
450000 55.946
455000 59.712
460000 59.449
465000 58.193
470000 58.502
475000 67.535
480000 64.347
485000 61.417
490000 64.74
495000 61.978
500000 63.489
505000 64.086
510000 70.019
515000 64.515
520000 64.528
525000 62.725
530000 69.888
535000 68.004
540000 70.475
545000 69.463
550000 65.921
555000 67.293
560000 74.019
565000 72.116
570000 76.127
575000 74.777
580000 75.361
585000 72.422
590000 70.422
595000 78.373
600000 78.225
605000 81.209
610000 74.628
615000 75.679
620000 74.116
625000 82.563
630000 84.719
635000 79.283
640000 76.324
645000 79.029
650000 81.943
655000 79.997
660000 85.665
665000 83.449
670000 84.096
675000 83.892
680000 84.17
685000 87.228
690000 83.749
695000 90.706
700000 85.053
705000 85.066
710000 96.21
715000 90.822
720000 89.869
725000 93.355
730000 93.886
735000 91.592
740000 97.167
745000 95.911
750000 93.108
755000 94.433
760000 91.832
765000 97.954
770000 100.211
775000 97.146
780000 97.368
785000 95.946
790000 105.651
795000 97.877
800000 104.298
805000 102.24
810000 103.46
815000 120.551
820000 97.592
825000 97.811
830000 127.256
835000 132.784
840000 138.508
845000 111.908
850000 122.234
855000 136.783
860000 124.889
865000 114.951
870000 117.004
875000 112.283
880000 129.896
885000 122.403
890000 118.173
895000 115.739
900000 116.648
905000 108.568
910000 114.48
915000 118.438
920000 128.766
925000 118.628
930000 122.483
935000 120.63
940000 117.569
945000 117.254
950000 121.272
955000 124.885
960000 121.593
965000 123.509
970000 128.721
975000 127.969
980000 141.936
985000 122.519
990000 150.846
995000 154.788
1000000 126.341
