10000 0.124
20000 0.262
30000 0.409
40000 0.561
50000 0.745
60000 0.872
70000 1.018
80000 1.194
90000 1.404
100000 1.584
110000 1.726
120000 1.845
130000 1.994
140000 2.171
150000 2.376
160000 2.589
170000 2.729
180000 2.98
190000 3.151
200000 3.325
210000 3.522
220000 3.663
230000 3.787
240000 4.027
250000 4.264
260000 4.391
270000 5.769
280000 7.942
290000 8.81
300000 18.807
310000 18.29
320000 19.221
330000 34.952
340000 36.307
350000 30.694
360000 40.575
370000 46.26
380000 41.763
390000 41.529
400000 41.038
410000 46.428
420000 48.8
430000 50.548
440000 49.178
450000 53.822
460000 62.998
470000 61.538
480000 58.249
490000 55.303
500000 53.813
510000 54.443
520000 68.692
530000 115.675
540000 147.64
550000 116.67
560000 66.886
570000 92.524
580000 78.189
590000 75.255
600000 108.986
610000 66.888
620000 79.788
630000 99.023
640000 102.06
650000 125.06
660000 103.179
670000 72.973
680000 69.071
690000 78.306
700000 83.61
710000 60.606
720000 43.26
730000 54.963
740000 45.318
750000 43.915
760000 42.041
770000 41.498
780000 42.407
790000 42.713
800000 42.703
810000 45.17
820000 46.21
830000 45.485
840000 46.901
850000 47.611
860000 48.108
870000 49.069
880000 49.263
890000 49.941
900000 51.164
910000 52.372
920000 52.608
930000 54.261
940000 57.621
950000 56.551
960000 56.644
970000 59.551
980000 58.878
990000 58.572
1000000 60.544
