5000 0.929
10000 1.873
15000 2.665
20000 3.62
25000 4.516
30000 5.632
35000 6.461
40000 10.62
45000 9.376
50000 10.916
55000 14.031
60000 12.261
65000 14.83
70000 16.781
75000 17.292
80000 18.694
85000 17.992
90000 20.302
95000 18.871
100000 19.213
105000 23.276
110000 25.995
115000 22.692
120000 28.812
125000 24.97
130000 23.98
135000 25.562
140000 28.498
145000 29.134
150000 28.288
155000 30.48
160000 32.03
165000 30.904
170000 32.344
175000 35.769
180000 34.347
185000 37.442
190000 38.433
195000 38.191
200000 42.276
205000 45.567
210000 47.007
215000 41.197
220000 42.283
225000 46.629
230000 45.846
235000 48.194
240000 45.135
245000 47.921
250000 51.388
255000 50.273
260000 51.525
265000 61.527
270000 57.95
275000 58.006
280000 67.183
285000 61.405
290000 68.507
295000 59.341
300000 57.79
305000 60.301
310000 67.659
315000 60.042
320000 69.071
325000 65.303
330000 63.103
335000 71.137
340000 74.086
345000 82.568
350000 70.146
355000 78.574
360000 75.16
365000 84.238
370000 73.935
375000 83.288
380000 78.639
385000 82.702
390000 90.266
395000 85.147
400000 81.717
405000 87.618
410000 86.094
415000 95.785
420000 96.4
425000 100.741
430000 98.955
435000 93.174
440000 97.218
445000 99.392
450000 98.708
455000 108.502
460000 98.557
465000 97.84
470000 97.998
475000 109.628
480000 100.674
485000 96.431
490000 104.4
495000 109.127
500000 125.982
505000 98.153
510000 106.087
515000 110.045
520000 107.208
525000 110.188
530000 106.804
535000 106.72
540000 105.537
545000 114.187
550000 111.532
555000 112.71
560000 114.99
565000 117.923
570000 120.088
575000 122.633
580000 118.019
585000 125.127
590000 125.296
595000 125.3
600000 128.212
605000 126.23
610000 131.871
615000 126.731
620000 132.11
625000 138.742
630000 136.283
635000 141.526
640000 140.245
645000 136.069
650000 143.351
655000 141.086
660000 142.329
665000 140.96
670000 144.01
675000 145.899
680000 145.132
685000 151.425
690000 144.421
695000 150.348
700000 151.218
705000 144.311
710000 146.049
715000 147.676
720000 152.054
725000 148.927
730000 160.152
735000 153.129
740000 152.977
745000 159.648
750000 155.62
755000 154.547
760000 159.419
765000 162.874
770000 160.316
775000 162.838
780000 164.913
785000 166.305
790000 163.69
795000 168.004
800000 167.389
805000 162.977
810000 167.586
815000 179.826
820000 176.481
825000 173.056
830000 172.094
835000 172.655
840000 174.136
845000 175.866
850000 170.442
855000 177.215
860000 181.774
865000 178.485
870000 183.56
875000 184.9
880000 181.436
885000 184.235
890000 184.945
895000 189.58
900000 186.084
905000 192.391
910000 188.402
915000 189.076
920000 189.114
925000 198.63
930000 194.818
935000 195.709
940000 199.303
945000 202.692
950000 204.588
955000 200.102
960000 203.658
965000 204.204
970000 201.849
975000 206.223
980000 208.598
985000 212.379
990000 214.786
995000 214.176
1000000 205.712
