10000 0.073
20000 0.161
30000 0.22
40000 0.325
50000 0.393
60000 0.464
70000 0.575
80000 0.666
90000 0.73
100000 0.817
110000 0.892
120000 1.015
130000 1.035
140000 1.426
150000 13.086
160000 13.27
170000 13.588
180000 14.082
190000 13.547
200000 13.79
210000 13.694
220000 13.984
230000 15.407
240000 14.746
250000 16.306
260000 16.697
270000 22.709
280000 22.579
290000 16.871
300000 18.374
310000 19.761
320000 20.437
330000 21.192
340000 22.187
350000 23.113
360000 23.685
370000 26.494
380000 25.476
390000 23.489
400000 26.012
410000 21.871
420000 19.274
430000 22.295
440000 22.38
450000 25.295
460000 24.957
470000 26.937
480000 29.834
490000 33.454
500000 31.849
510000 34.134
520000 37.197
530000 32.428
540000 36.521
550000 30.173
560000 33.486
570000 32.712
580000 30.761
590000 27.488
600000 31.46
610000 39.2
620000 31.115
630000 30.304
640000 28.675
650000 34.685
660000 33.374
670000 28.257
680000 27.759
690000 27.673
700000 26.92
710000 27.407
720000 26.711
730000 28.616
740000 29.483
750000 26.062
760000 26.408
770000 27.045
780000 28.305
790000 27.689
800000 30.239
810000 29.297
820000 30.222
830000 31.198
840000 33.753
850000 33.926
860000 32.832
870000 37.44
880000 38.264
890000 34.745
900000 36.19
910000 38.747
920000 37.617
930000 37.227
940000 37.737
950000 35.937
960000 36.764
970000 37.52
980000 37.647
990000 37.926
1000000 38.44
