5000 0.044
10000 0.085
15000 0.094
20000 0.107
25000 0.176
30000 0.104
35000 0.145
40000 0.172
45000 0.322
50000 0.205
55000 0.243
60000 0.26
65000 0.268
70000 0.335
75000 0.353
80000 0.361
85000 0.561
90000 0.973
95000 0.955
100000 1.576
105000 1.139
110000 1.23
115000 1.296
120000 1.176
125000 1.221
130000 2.105
135000 1.029
140000 1.321
145000 2.834
150000 2.402
155000 3.411
160000 2.304
165000 2.306
170000 4.913
175000 3.847
180000 3.826
185000 6.407
190000 5.499
195000 5.872
200000 6.759
205000 5.852
210000 9.131
215000 6.376
220000 7.762
225000 11.522
230000 8.405
235000 9.675
240000 8.326
245000 7.209
250000 9.818
255000 7.912
260000 8.703
265000 9.301
270000 9.953
275000 9.559
280000 10.673
285000 10.378
290000 9.406
295000 9.814
300000 9.851
305000 10.325
310000 12.037
315000 10.884
320000 15.728
325000 10.394
330000 10.879
335000 12.446
340000 13.064
345000 13.374
350000 15.163
355000 17.069
360000 15.384
365000 15.615
370000 15.678
375000 17.52
380000 15.347
385000 19.52
390000 17.758
395000 19.043
400000 17.427
405000 22.237
410000 23.082
415000 18.058
420000 19.322
425000 19.394
430000 20.438
435000 18.167
440000 18.188
445000 17.917
450000 20.428
455000 22.067
460000 24.528
465000 22.207
470000 20.597
475000 26.165
480000 23.227
485000 20.868
490000 19.71
495000 22.785
500000 24.644
505000 25.925
510000 22.483
515000 26.467
520000 22.83
525000 24.636
530000 26.098
535000 22.783
540000 22.992
545000 24.177
550000 22.455
555000 29.29
560000 23.926
565000 25.917
570000 26.952
575000 25.052
580000 27.513
585000 25.939
590000 24.54
595000 26.154
600000 26.722
605000 41.432
610000 36.701
615000 39.031
620000 41.885
625000 41.239
630000 40.271
635000 48.603
640000 42.847
645000 43.155
650000 42.829
655000 42.445
660000 44.431
665000 45.137
670000 44.925
675000 44.872
680000 51.114
685000 46.755
690000 49.563
695000 46.55
700000 46.285
705000 46.781
710000 53.541
715000 49.563
720000 51.717
725000 46.786
730000 48.313
735000 51.953
740000 49.343
745000 52.964
750000 44.652
755000 51.612
760000 52.214
765000 51.604
770000 49.081
775000 48.186
780000 48.625
785000 52.19
790000 55.25
795000 48.601
800000 50.408
805000 56.847
810000 56.247
815000 55.497
820000 54.494
825000 61.963
830000 55.484
835000 57.271
840000 56.709
845000 57.207
850000 61.145
855000 58.734
860000 60.934
865000 57.799
870000 60.019
875000 58.371
880000 59.803
885000 62.287
890000 59.935
895000 58.981
900000 63.307
905000 60.84
910000 62.047
915000 59.988
920000 60.242
925000 62.847
930000 62.972
935000 66.248
940000 67.973
945000 62.427
950000 64.512
955000 65.285
960000 62.401
965000 63.603
970000 65.006
975000 63.324
980000 67.996
985000 66.733
990000 65.602
995000 63.916
1000000 67.269
