5000 0.493
10000 0.978
15000 1.47
20000 1.976
25000 2.463
30000 3.234
35000 3.531
40000 4.172
45000 4.588
50000 5.309
55000 5.752
60000 6.06
65000 7.528
70000 7.809
75000 8.595
80000 8.69
85000 9.693
90000 11.902
95000 12.832
100000 13.094
105000 13.901
110000 15.089
115000 12.438
120000 12.995
125000 13.492
130000 14.337
135000 14.789
140000 18.624
145000 19.548
150000 19.58
155000 21.195
160000 20.244
165000 19.287
170000 19.467
175000 20.718
180000 24.099
185000 26.386
190000 22.153
195000 21.961
200000 22.799
205000 23.044
210000 25.167
215000 26.435
220000 25.925
225000 27.82
230000 26.03
235000 27.05
240000 29.84
245000 28.751
250000 28.506
255000 30.527
260000 29.503
265000 35.768
270000 35.322
275000 34.042
280000 34.348
285000 33.724
290000 34.032
295000 34.195
300000 35.137
305000 36.273
310000 38.537
315000 42.176
320000 37.23
325000 40.021
330000 37.586
335000 39.839
340000 43.016
345000 44.604
350000 44.433
355000 45.313
360000 41.926
365000 45.852
370000 49.79
375000 46.572
380000 50.881
385000 54.272
390000 51.906
395000 47.232
400000 52.185
405000 49.3
410000 51.243
415000 52.344
420000 48.841
425000 54.975
430000 57.984
435000 55.454
440000 53.273
445000 57.201
450000 59.974
455000 56.081
460000 62.049
465000 60.154
470000 59.057
475000 61.476
480000 60.472
485000 64.68
490000 61.862
495000 60.63
500000 63.531
505000 69.235
510000 63.843
515000 68.861
520000 70.257
525000 63.075
530000 68.884
535000 68.23
540000 70.522
545000 70.552
550000 76.44
555000 80.383
560000 71.458
565000 69.288
570000 70.29
575000 67.927
580000 83.682
585000 76.635
590000 74.3
595000 73.976
600000 75.438
605000 78.504
610000 88.705
615000 84.974
620000 81.351
625000 86.348
630000 85.178
635000 79.542
640000 84.111
645000 83.486
650000 88.971
655000 78.747
660000 89.588
665000 83.484
670000 87.594
675000 88.159
680000 91.18
685000 94.277
690000 88.318
695000 86.132
700000 99.551
705000 85.804
710000 92.194
715000 101.197
720000 98.886
725000 95.229
730000 96.113
735000 98.281
740000 92.301
745000 94.056
750000 99.017
755000 97.737
760000 95.747
765000 102.586
770000 102.001
775000 100.025
780000 99.215
785000 98.994
790000 110.585
795000 108.297
800000 102.351
805000 107.223
810000 106.18
815000 98.137
820000 112.411
825000 108.78
830000 102.666
835000 108.514
840000 112.751
845000 107.824
850000 115.998
855000 118.541
860000 119.734
865000 114.904
870000 119.965
875000 118.197
880000 111.007
885000 110.96
890000 122.885
895000 116.374
900000 108.597
905000 120.278
910000 114.83
915000 120.397
920000 119.204
925000 115.37
930000 122.074
935000 120.849
940000 127.06
945000 114.639
950000 133.071
955000 126.223
960000 130.547
965000 125.373
970000 130.779
975000 140.443
980000 129.251
985000 129.866
990000 129.601
995000 129.215
1000000 125.543
