10000 0.125
20000 0.264
30000 0.415
40000 0.564
50000 0.753
60000 0.88
70000 1.031
80000 1.219
90000 1.417
100000 1.663
110000 1.744
120000 1.862
130000 2.016
140000 2.181
150000 2.347
160000 2.544
170000 2.766
180000 3
190000 3.176
200000 3.35
210000 3.676
220000 3.681
230000 3.787
240000 3.974
250000 4.076
260000 4.252
270000 4.495
280000 4.61
290000 4.802
300000 5.009
310000 5.158
320000 5.423
330000 5.59
340000 5.845
350000 6.013
360000 6.414
370000 6.445
380000 6.735
390000 6.876
400000 7.08
410000 7.232
420000 7.685
430000 7.678
440000 7.79
450000 7.928
460000 8.043
470000 8.37
480000 8.555
490000 8.529
500000 8.67
510000 9.195
520000 9.122
530000 9.143
540000 9.431
550000 9.666
560000 9.795
570000 10.033
580000 10.097
590000 10.39
600000 10.544
610000 10.734
620000 10.928
630000 11.138
640000 11.319
650000 11.571
660000 11.788
670000 11.939
680000 12.176
690000 12.742
700000 12.77
710000 13.192
720000 13.335
730000 13.348
740000 13.704
750000 13.95
760000 14.116
770000 14.212
780000 14.51
790000 14.697
800000 14.872
810000 15.04
820000 15.302
830000 15.424
840000 15.521
850000 15.799
860000 16.098
870000 16.027
880000 16.495
890000 16.483
900000 16.548
910000 16.762
920000 16.873
930000 17.011
940000 17.266
950000 17.513
960000 17.63
970000 17.681
980000 17.986
990000 18.127
1000000 18.199
