5000 0.942
10000 1.88
15000 3.243
20000 3.619
25000 4.5
30000 5.636
35000 6.312
40000 7.295
45000 9.818
50000 10.554
55000 10.409
60000 11.201
65000 12.392
70000 12.566
75000 14.066
80000 14.808
85000 16.081
90000 16.401
95000 18.058
100000 22.361
105000 20.111
110000 20.504
115000 24.217
120000 28.739
125000 29.199
130000 30.758
135000 32.577
140000 31.783
145000 32.795
150000 36.561
155000 31.48
160000 38.131
165000 35.811
170000 38.899
175000 42.237
180000 39.965
185000 38.182
190000 38.477
195000 39.885
200000 44.339
205000 44.955
210000 39.478
215000 41.78
220000 43.018
225000 44.817
230000 43.716
235000 48.791
240000 46.375
245000 52.714
250000 59.531
255000 56.556
260000 62.17
265000 56.65
270000 53.861
275000 56.193
280000 61.197
285000 65.067
290000 63.593
295000 66.806
300000 62.494
305000 66.385
310000 68.027
315000 72.823
320000 66.132
325000 66.993
330000 74.876
335000 66.943
340000 78.322
345000 71.592
350000 78.511
355000 76.607
360000 74.668
365000 74.402
370000 76.716
375000 78.117
380000 79.839
385000 84.275
390000 87.306
395000 89.957
400000 82.864
405000 85.537
410000 83.618
415000 98.38
420000 98.041
425000 86.716
430000 94.302
435000 92.454
440000 111.541
445000 97.34
450000 109.489
455000 98.656
460000 112.733
465000 98.448
470000 95.423
475000 94.492
480000 106.119
485000 98.512
490000 105.792
495000 100.529
500000 100.531
505000 103.231
510000 109.079
515000 111.752
520000 109.494
525000 122.473
530000 114.412
535000 111.101
540000 119.696
545000 113.567
550000 115.402
555000 117.779
560000 124.392
565000 125.849
570000 128.521
575000 129.989
580000 133.395
585000 130.847
590000 135.273
595000 132.007
600000 133.076
605000 136.188
610000 141.483
615000 147.321
620000 134.28
625000 131.693
630000 129.273
635000 136.351
640000 156.941
645000 139.834
650000 146.295
655000 152.42
660000 140.16
665000 144.738
670000 167.756
675000 163.235
680000 161.264
685000 146.185
690000 146.226
695000 156.463
700000 148.979
705000 145.856
710000 153.353
715000 155.283
720000 160.53
725000 160.641
730000 161.166
735000 158.451
740000 159.028
745000 157.981
750000 163.146
755000 165.228
760000 161.06
765000 180.319
770000 181.875
775000 168.228
780000 166.475
785000 184.236
790000 175.565
795000 172.455
800000 185.881
805000 173.531
810000 175.508
815000 180.113
820000 172.787
825000 191.905
830000 185.145
835000 179.008
840000 194.252
845000 192.693
850000 181.729
855000 194.28
860000 190.977
865000 188.105
870000 199.27
875000 193.142
880000 198.544
885000 191.621
890000 198.581
895000 195.133
900000 209.472
905000 204.17
910000 212.031
915000 205.761
920000 189.243
925000 196.615
930000 198.282
935000 206.482
940000 215.714
945000 202.435
950000 207.343
955000 206.888
960000 211.238
965000 207.293
970000 219.797
975000 217.82
980000 209.344
985000 211.668
990000 211.038
995000 217.612
1000000 228.948
