10000 0.09
20000 0.183
30000 0.271
40000 0.386
50000 0.479
60000 0.572
70000 0.623
80000 0.819
90000 0.917
100000 1.016
110000 1.101
120000 1.209
130000 1.324
140000 1.328
150000 1.518
160000 1.739
170000 1.84
180000 1.935
190000 2.081
200000 2.148
210000 2.232
220000 2.303
230000 2.435
240000 2.603
250000 2.594
260000 2.753
270000 2.814
280000 2.941
290000 2.864
300000 3.402
310000 3.877
320000 3.681
330000 3.773
340000 3.913
350000 4.025
360000 4.12
370000 4.259
380000 4.235
390000 4.447
400000 4.755
410000 4.585
420000 4.718
430000 4.893
440000 4.958
450000 5.133
460000 5.115
470000 5.26
480000 5.4
490000 5.529
500000 5.477
510000 5.729
520000 5.84
530000 5.913
540000 5.976
550000 6.03
560000 5.977
570000 6.184
580000 6.118
590000 6.395
600000 6.714
610000 7.05
620000 7.427
630000 7.511
640000 7.852
650000 7.85
660000 7.932
670000 7.994
680000 8.061
690000 8.32
700000 8.378
710000 8.593
720000 8.657
730000 8.617
740000 8.73
750000 9.062
760000 8.976
770000 9.159
780000 9.287
790000 9.419
800000 9.645
810000 9.593
820000 9.86
830000 9.771
840000 9.951
850000 9.982
860000 10.217
870000 10.331
880000 10.363
890000 10.509
900000 10.59
910000 10.848
920000 10.852
930000 11.116
940000 11.068
950000 11.172
960000 11.449
970000 11.6
980000 11.698
990000 11.761
1000000 11.693
