10000 0.016
20000 0.028
30000 0.086
40000 0.108
50000 0.122
60000 0.141
70000 0.315
80000 0.349
90000 0.385
100000 1.008
110000 1.176
120000 1.262
130000 1.163
140000 1.277
150000 1.348
160000 1.435
170000 1.53
180000 1.619
190000 1.964
200000 2.272
210000 2.122
220000 2.17
230000 2.282
240000 2.466
250000 2.758
260000 2.628
270000 2.697
280000 2.793
290000 3.176
300000 3.049
310000 3.104
320000 3.375
330000 3.379
340000 3.498
350000 3.602
360000 3.894
370000 3.846
380000 4.067
390000 4.194
400000 4.245
410000 4.426
420000 4.439
430000 4.628
440000 4.848
450000 4.783
460000 5.027
470000 5.062
480000 5.35
490000 5.266
500000 5.504
510000 5.515
520000 5.599
530000 5.671
540000 5.861
550000 5.917
560000 6.24
570000 6.072
580000 6.263
590000 6.282
600000 6.46
610000 6.658
620000 6.608
630000 7.044
640000 6.762
650000 6.839
660000 6.982
670000 6.857
680000 7.269
690000 6.928
700000 7.234
710000 7.522
720000 7.24
730000 7.588
740000 7.744
750000 7.69
760000 8.003
770000 8.227
780000 8.384
790000 8.522
800000 8.655
810000 8.775
820000 8.886
830000 9.025
840000 9.184
850000 9.177
860000 9.407
870000 9.591
880000 9.683
890000 9.661
900000 9.836
910000 9.826
920000 9.977
930000 10.103
940000 10.222
950000 10.403
960000 10.519
970000 10.657
980000 10.704
990000 10.9
1000000 10.941
