10000 1.131
20000 2.319
30000 3.763
40000 5.088
50000 6.541
60000 7.989
70000 9.533
80000 11.096
90000 13.913
100000 15.228
110000 16.997
120000 18.647
130000 20.259
140000 20.97
150000 21.933
160000 22.832
170000 24.332
180000 26.042
190000 27.447
200000 29.517
210000 31.145
220000 32.543
230000 34.313
240000 35.874
250000 38.555
260000 40.712
270000 41.813
280000 42.666
290000 44.456
300000 45.856
310000 47.831
320000 48.951
330000 50.901
340000 52.112
350000 54.065
360000 60.561
370000 62.579
380000 65.892
390000 66.485
400000 67.102
410000 63.934
420000 65.808
430000 67.181
440000 68.926
450000 70.559
460000 72.792
470000 73.881
480000 75.959
490000 78.123
500000 79.563
510000 80.537
520000 82.533
530000 93.913
540000 87.787
550000 89.085
560000 90.696
570000 92.933
580000 93.862
590000 95.18
600000 101.638
610000 103.586
620000 110.061
630000 102.903
640000 103.575
650000 105.083
660000 106.911
670000 108.552
680000 110.408
690000 111.803
700000 114.274
710000 115.6
720000 117.343
730000 118.83
740000 120.789
750000 125.953
760000 124.456
770000 126.576
780000 141.155
790000 131.284
800000 135.384
810000 133.669
820000 135.581
830000 137.917
840000 139.255
850000 141.07
860000 155.56
870000 148.764
880000 146.124
890000 147.86
900000 149.817
910000 151.752
920000 154.352
930000 155.497
940000 157.548
950000 173.548
960000 171.934
970000 162.172
980000 164.027
990000 165.584
1000000 168.519
