10000 0.723
20000 1.574
30000 2.55
40000 3.463
50000 4.369
60000 5.348
70000 6.386
80000 7.423
90000 8.383
100000 9.239
110000 12.076
120000 14.791
130000 16.088
140000 21.474
150000 18.42
160000 17.366
170000 16.822
180000 17.582
190000 19.133
200000 20.064
210000 21.101
220000 22.118
230000 23.247
240000 23.875
250000 25.109
260000 26.421
270000 27.1
280000 28.692
290000 29.348
300000 30.472
310000 31.194
320000 32.786
330000 33.682
340000 34.476
350000 36.217
360000 36.654
370000 38.68
380000 39.029
390000 40.089
400000 41.673
410000 42.781
420000 43.973
430000 45.187
440000 46.835
450000 47.311
460000 48.661
470000 49.718
480000 51.223
490000 51.286
500000 53.404
510000 54.164
520000 56.072
530000 56.846
540000 57.315
550000 58.932
560000 60.01
570000 60.11
580000 61.418
590000 62.889
600000 63.95
610000 65.139
620000 67.076
630000 67.91
640000 68.812
650000 70.214
660000 70.871
670000 72.086
680000 73.584
690000 74.408
700000 75.556
710000 76.166
720000 77.7
730000 79.422
740000 80.286
750000 81.458
760000 82.99
770000 83.71
780000 85.595
790000 85.17
800000 86.67
810000 88.707
820000 89.77
830000 90.079
840000 93.453
850000 91.79
860000 94.52
870000 95.669
880000 97.692
890000 96.573
900000 97.426
910000 100.251
920000 101.658
930000 101.368
940000 102.905
950000 106.674
960000 107.44
970000 105.296
980000 108.014
990000 108.929
1000000 110.681
