200 0
400 0
600 0
800 0
1000 0
1200 0.244
1400 0.527
1600 0.744
1800 0.923
2000 1.048
2200 1.146
2400 1.171
2600 1.465
2800 1.874
3000 2.315
3200 2.821
3400 3.327
3600 4.086
3800 4.704
4000 5.087
4200 5.833
4400 6.457
4600 7.172
4800 7.957
5000 8.722
5200 9.481
5400 10.415
5600 11.325
5800 12.225
6000 13.216
6200 14.204
6400 15.233
6600 16.205
6800 17.162
7000 18.239
7200 19.538
7400 20.715
7600 22.861
7800 25.012
8000 27.036
8200 28.864
8400 30.52
8600 32.011
8800 33.353
9000 34.468
9200 35.517
9400 36.274
9600 36.838
9800 37.266
10000 37.51
10200 38.302
10400 39.617
10600 41.296
10800 43.031
11000 44.887
11200 46.796
11400 48.637
11600 50.277
11800 51.981
12000 53.895
12200 55.81
12400 57.978
12600 59.912
12800 61.848
13000 63.854
13200 66.035
13400 68.671
13600 70.241
13800 72.386
14000 74.454
14200 76.636
14400 78.964
14600 81.563
14800 84.01
15000 86.558
15200 89.152
15400 91.382
15600 94.026
15800 97.04
16000 98.837
16200 101.692
16400 104.908
16600 106.966
16800 109.557
17000 112.5
17200 115.335
17400 117.736
17600 120.712
17800 121.557
18000 123.581
18200 126.147
18400 131.018
18600 135.881
18800 139.051
19000 142.198
19200 145.19
19400 148.361
19600 151.728
19800 154.952
20000 158.415
