20 0
40 0.001
60 0.002
80 0.004
100 0.006
120 0.009
140 0.013
160 0.017
180 0.022
200 0.028
220 0.034
240 0.042
260 0.049
280 0.057
300 0.067
320 0.076
340 0.087
360 0.098
380 0.109
400 0.122
420 0.137
440 0.148
460 0.163
480 0.178
500 0.193
520 0.209
540 0.228
560 0.243
580 0.262
600 0.282
620 0.3
640 0.32
660 0.341
680 0.368
700 0.385
720 0.409
740 0.429
760 0.456
780 0.479
800 0.505
820 0.53
840 0.557
860 0.584
880 0.615
900 0.65
920 0.673
940 0.716
960 0.733
980 0.761
1000 0.795
1020 0.826
1040 0.862
1060 0.893
1080 0.931
1100 0.965
1120 1
1140 1.038
1160 1.073
1180 1.111
1200 1.148
1220 1.193
1240 1.247
1260 1.277
1280 1.309
1300 1.354
1320 1.394
1340 1.437
1360 1.483
1380 1.525
1400 1.567
1420 1.613
1440 1.66
1460 1.723
1480 1.761
1500 1.806
1520 1.852
1540 1.903
1560 1.961
1580 2.002
1600 2.074
1620 2.111
1640 2.168
1660 2.215
1680 2.265
1700 2.351
1720 2.376
1740 2.446
1760 2.487
1780 2.554
1800 2.6
1820 2.664
1840 2.724
1860 2.793
1880 2.842
1900 2.917
1920 2.966
1940 3.027
1960 3.089
1980 3.15
2000 3.211
