1000 0.296
2000 0.487
3000 0.563
4000 0.73
5000 0.803
6000 0.964
7000 1.158
8000 1.287
9000 1.47
10000 1.651
11000 1.944
12000 2.006
13000 2.155
14000 2.279
15000 2.584
16000 2.655
17000 2.877
18000 3.076
19000 3.312
20000 3.477
21000 3.882
22000 3.832
23000 4.069
24000 4.298
25000 5.322
26000 4.617
27000 5.012
28000 6.086
29000 5.151
30000 5.393
31000 5.902
32000 5.825
33000 6.556
34000 6.23
35000 6.436
36000 8.147
37000 6.783
38000 7.416
39000 7.435
40000 10.386
41000 7.714
42000 7.886
43000 9.871
44000 12.533
45000 13.321
46000 11.505
47000 10.861
48000 14.023
49000 11.426
50000 9.761
51000 11.816
52000 10.197
53000 11.236
54000 11.472
55000 13.803
56000 13.52
57000 11.297
58000 10.778
59000 11.745
60000 11.754
61000 11.881
62000 16.541
63000 13.595
64000 13.379
65000 13.783
66000 18.229
67000 18.593
68000 13.241
69000 13.439
70000 15.547
71000 15.544
72000 20.392
73000 17.425
74000 16.833
75000 19.569
76000 17.937
77000 15.613
78000 16.273
79000 17.826
80000 16.143
81000 16.181
82000 19.239
83000 20.723
84000 17.461
85000 16.51
86000 16.91
87000 18.341
88000 53.441
89000 17.719
90000 17.615
91000 18.684
92000 20.46
93000 20.233
94000 18.655
95000 24.541
96000 22.933
97000 24.114
98000 19.586
99000 20.509
100000 21.653
