10000 0.503
20000 1.13
30000 1.816
40000 2.531
50000 3.158
60000 3.893
70000 4.616
80000 5.318
90000 6.072
100000 6.731
110000 7.536
120000 8.242
130000 9.072
140000 9.861
150000 10.604
160000 11.434
170000 12.196
180000 12.85
190000 13.787
200000 14.442
210000 15.353
220000 15.923
230000 16.877
240000 17.676
250000 18.405
260000 19.161
270000 19.991
280000 20.772
290000 21.504
300000 22.583
310000 23.173
320000 24.149
330000 24.962
340000 25.861
350000 26.417
360000 27.408
370000 27.958
380000 29.092
390000 29.731
400000 30.933
410000 31.509
420000 32.17
430000 33.232
440000 34.104
450000 34.497
460000 35.638
470000 36.542
480000 37.417
490000 38.051
500000 38.921
510000 39.953
520000 40.712
530000 41.668
540000 42.141
550000 43.287
560000 43.533
570000 45.194
580000 45.204
590000 46.566
600000 47.957
610000 48.998
620000 49.242
630000 49.78
640000 50.998
650000 51.827
660000 52.062
670000 53.528
680000 54.315
690000 55.07
700000 55.765
710000 57.69
720000 57.623
730000 58.617
740000 59.358
750000 60.043
760000 60.689
770000 62.181
780000 62.445
790000 64.166
800000 64.752
810000 66.238
820000 66.369
830000 67.175
840000 67.832
850000 68.067
860000 69.765
870000 70.074
880000 71.37
890000 71.945
900000 73.366
910000 73.913
920000 74.98
930000 76.702
940000 76.685
950000 77.364
960000 77.803
970000 79.199
980000 81.613
990000 80.515
1000000 81.503
