10000 0.989
20000 2.396
30000 4.684
40000 5.981
50000 7.704
60000 9.838
70000 13.136
80000 14.026
90000 16.673
100000 19.699
110000 21.187
120000 23.053
130000 23.771
140000 28.578
150000 33.073
160000 31.149
170000 35.996
180000 38.126
190000 40.931
200000 42.836
210000 45.537
220000 47.774
230000 50.686
240000 49.624
250000 54.597
260000 53.767
270000 61.191
280000 61.888
290000 64.793
300000 68.107
310000 69.031
320000 67.191
330000 71.318
340000 72.65
350000 75.94
360000 76.062
370000 80.175
380000 82.141
390000 88.32
400000 86.609
410000 89.383
420000 90.292
430000 93.134
440000 94.938
450000 99.366
460000 99.839
470000 101.668
480000 105.075
490000 104.602
500000 107.068
510000 105.913
520000 107.957
530000 115.59
540000 117.841
550000 122.067
560000 120.054
570000 124.225
580000 128.346
590000 117.055
600000 119.619
610000 133.95
620000 133.272
630000 133.987
640000 142.845
650000 142.361
660000 148.192
670000 150.215
680000 146.202
690000 151.298
700000 149.772
710000 153.89
720000 160.017
730000 161.797
740000 159.734
750000 162.847
760000 163.914
770000 166.019
780000 174.045
790000 166.935
800000 173.723
810000 179.531
820000 183.055
830000 188
840000 189.569
850000 188.821
860000 192.176
870000 193.693
880000 190.556
890000 186.855
900000 193.502
910000 199.867
920000 194.673
930000 202.338
940000 202.816
950000 200.772
960000 203.914
970000 205.293
980000 210.393
990000 215.472
1000000 217.184
